373
606
3448
3046
4580
3634
1781
3340
3674
4270
2191
538
375
3012
2801
775
3530
3732
1799
194
3535
3946
1501
3135
3590
4600
2231
3631
1309
2764
666
2606
4990
4919
82
1349
3156
4149
1324
2190
1915
211
2913
2315
107
4489
3911
1053
2856
1149
4214
1174
623
118
620
1426
4104
314
4455
4979
1403
3150
2032
911
3604
4585
548
456
2931
1453
2619
4381
2409
4609
3279
3325
1034
4185
3028
4100
689
1179
775
160
3549
4492
1984
4872
4300
3655
2245
2843
4693
1344
787
3764
3178
2002
3711
522
3942
3456
3121
1404
3530
4833
3765
1014
1838
2294
392
4918
2285
356
4290
225
2376
1873
2362
4112
2602
676
1156
4275
4207
4776
4687
1065
3822
4514
148
4032
475
2507
159
2233
3057
4370
1629
3716
728
971
3034
2006
3264
2326
558
4338
2053
563
1388
1306
4640
4599
2920
3267
2301
3846
2197
3754
146
2700
2191
2323
2147
1360
4443
4778
197
2058
2168
3006
244
3645
3384
1631
2641
4150
1012
1881
4218
350
4011
3259
3127
3841
4392
876
4587
1892
4932
4211
2174
2875
3571
3027
3779
712
4858
1904
2883
780
4141
4995
3395
3382
1063
995
1215
1289
626
3150
2834
316
4535
4795
3689
3932
4196
3306
1968
3568
192
3304
2126
2957
832
2368
75
358
2852
1930
4291
4107
3998
3439
1209
4016
4864
4744
2779
3397
4661
3298
1266
1782
1377
1859
3339
3775
4338
4846
1515
1553
4936
4314
589
837
2869
439
2551
3694
920
857
3436
3696
3859
3726
1317
1097
3586
4672
4068
4452
527
3570
3907
1893
2039
345
1580
3973
4028
1300
1019
3005
415
2739
4171
4684
2850
372
1147
4426
2193
4084
2477
3804
4862
2569
2923
2650
542
2243
189
4665
779
2062
1026
1366
408
3696
3798
2524
3858
3577
4666
4620
4837
431
3282
1120
4555
1633
3246
3215
3526
4642
2260
1442
1094
103
2030
4469
2422
3929
3431
1786
1111
1354
2227
3353
1713
2805
4276
4154
1574
3622
568
3615
4418
2856
3966
4431
4287
1803
3095
3909
3996
1974
1140
1137
4802
4583
273
306
1666
4329
103
4928
147
2880
3510
3484
3204
4928
4407
1750
2357
4092
1642
4903
4074
3644
2024
3237
1137
2599
182
620
835
4522
2789
4136
215
1090
3550
2129
2532
3971
2489
2245
3520
639
3469
1538
4345
483
1228
4358
2395
1345
1553
4904
333
1237
2063
1159
2560
2036
4169
4066
4147
4483
4094
624
92
4373
3270
2114
1378
2278
4218
3385
1603
4396
1383
3435
175
486
3891
654
1372
824
3224
4489
2970
2885
3804
3977
4027
2392
4568
497
4802
3422
3097
4037
1545
2845
1447
4972
2212
4113
2980
117
2127
3167
3302
936
4853
3627
984
2075
3144
3515
2695
3323
1259
4605
2654
2207
570
4292
3087
3986
2709
3721
3583
3180
1300
2346
1891
2330
4039
3919
3442
2258
2843
3107
2362
4803
4583
2869
4124
401
1409
2494
2353
1287
728
4773
2778
1940
191
4240
4403
2920
1027
3994
2408
3405
4583
122
4636
2507
1737
3654
3036
4225
73
437
481
3152
2243
2851
2623
2700
169
2686
2578
216
1369
2296
2453
1526
4568
4950
2139
4798
4516
522
1232
3848
700
3956
220
4461
3232
1617
3663
2754
4458
3127
1214
291
4293
4625
4696
2340
1617
1703
2752
3340
1417
2193
2037
2287
2668
3111
2939
1786
1515
3237
4708
4551
4205
1632
2452
3286
2632
3162
4467
3551
4023
4823
757
3241
1083
2163
2232
4942
255
4799
3182
2814
2770
2891
2432
3507
1920
2933
1793
122
3678
1878
1239
1222
3419
1663
1085
2661
2174
1410
4708
3455
2235
4200
4317
1594
1436
3795
1205
506
879
2997
1532
1716
56
1895
1781
1314
4200
3945
1367
4698
1369
4346
4873
2145
3584
4534
4822
4419
1078
4571
2769
3844
92
4727
579
3570
3574
839
2071
3125
1728
1288
4243
682
346
4523
1167
1524
4882
4771
3461
3228
44
10
2086
2889
4326
2172
3009
1901
3973
1786
4427
1308
228
2687
1625
328
1316
3210
2739
3361
1874
3242
2970
82
103
4192
1800
4061
3368
3298
4536
1307
1110
4540
3800
82
2641
2690
4243
1403
2829
170
4151
4942
1860
2936
454
2659
2898
839
209
1673
2032
101
1355
1802
2039
2005
2786
135
373
3948
3533
675
2250
3121
198
688
3886
1544
2687
3625
3967
1337
532
1704
4090
3028
3221
2166
3739
4140
1164
2530
3090
2864
4274
1010
3186
1999
3043
636
4904
4108
1031
3881
1637
3477
2693
3738
2738
4766
3772
1355
3151
1583
2705
696
4568
4650
2712
4010
3784
620
1396
1232
2785
1004
2585
4385
3847
4188
2501
1888
3500
2052
3721
4858
307
1651
67
614
336
4483
4428
3972
369
4808
4378
1507
159
3579
1442
3536
4287
4032
1852
4284
2713
4798
1097
634
892
3307
4891
3550
2265
1884
2854
1100
2862
2847
389
2917
4583
2099
3675
4301
1192
2423
863
2976
1625
1079
4227
269
2746
3965
2600
4468
200
4436
2145
508
554
4433
4721
2028
4591
878
1708
3484
1955
3279
3644
2311
3190
3524
3952
2189
357
2551
3092
290
3936
3120
4009
4813
4079
4622
805
3299
4283
3385
900
3425
702
4881
2363
151
2377
1648
4709
315
716
2378
1021
3346
2434
1917
2079
4222
13
412
4111
2649
1344
1856
1572
2434
424
4908
2949
4969
74
3408
4200
3569
2379
219
1609
3309
1161
3802
4811
3709
2842
2778
4574
1558
2099
663
2379
2163
2544
1582
3286
3872
4274
3250
2082
3846
3309
4929
4726
2469
3699
4739
242
2307
3178
2452
967
2216
308
3770
3061
1211
600
403
4807
3566
2281
15
335
4761
2529
786
2426
3491
123
329
4295
4128
3137
2763
4999
1231
4076
2342
11
3102
2537
2268
3380
4647
4696
164
1856
3774
3520
2076
